{"producer":{"name":"Blender","version":"2.82 (sub 7)","exporter_version":"6.3.1","file":"pieces.babylon"},
"autoClear":true,"clearColor":[0.0509,0.0509,0.0509],"gravity":[0,-9.81,0],
"materials":[],
"multiMaterials":[],
"skeletons":[{"name":"Armature","id":0,"dimensionsAtRest":[0.7905,1.4903,0.1869],"bones":[
{"name":"Bone","index":0,"matrix":[0.994,-0.1076,0.0204,0,0.1094,0.9655,-0.2362,0,-0.0058,-0.237,-0.9715,0,2.8003,0.0735,-0.049,1],"rest":[0.994,-0.1076,0.0204,0,0.1094,0.9655,-0.2362,0,-0.0058,-0.237,-0.9715,0,2.8003,0.0735,-0.049,1],"parentBoneIndex":-1,"length":0.1633},
{"name":"Bone.001","index":1,"matrix":[0.9291,-0.3415,0.1419,0,0.3661,0.7959,-0.4822,0,0.0518,0.5,0.8645,0,0,0.1633,0,1],"rest":[0.9291,-0.3415,0.1419,0,0.3661,0.7959,-0.4822,0,0.0518,0.5,0.8645,0,0,0.1633,0,1],"parentBoneIndex":0,"length":0.1859},
{"name":"Bone.002","index":2,"matrix":[0.6673,-0.7346,-0.123,0,0.7432,0.6674,0.0464,0,0.048,-0.1224,0.9913,0,0,0.1859,0,1],"rest":[0.6673,-0.7346,-0.123,0,0.7432,0.6674,0.0464,0,0.048,-0.1224,0.9913,0,0,0.1859,0,1],"parentBoneIndex":1,"length":0.1267},
{"name":"Bone.003","index":3,"matrix":[0.8838,-0.4597,-0.0869,0,0.4676,0.8739,0.1327,0,0.0149,-0.1579,0.9873,0,0,0.1267,0,1],"rest":[0.8838,-0.4597,-0.0869,0,0.4676,0.8739,0.1327,0,0.0149,-0.1579,0.9873,0,0,0.1267,0,1],"parentBoneIndex":2,"length":0.1193},
{"name":"Bone.004","index":4,"matrix":[0.6986,-0.7084,-0.1011,0,0.6948,0.6378,0.3323,0,-0.1709,-0.3023,0.9378,0,0,0.1193,0,1],"rest":[0.7694,-0.6286,-0.113,0,0.6256,0.7061,0.3318,0,-0.1288,-0.326,0.9366,0,0,0.1193,0,1],"parentBoneIndex":3,"length":0.1925},
{"name":"Bone.008","index":5,"matrix":[0.8651,-0.5009,-0.0263,0,0.4178,0.7487,-0.5147,0,0.2775,0.4343,0.857,0,0,0.1925,0,1],"rest":[0.8017,-0.5883,0.1057,0,0.5524,0.6617,-0.507,0,0.2283,0.4649,0.8554,0,0,0.1925,0,1],"parentBoneIndex":4,"length":0.1795},
{"name":"Bone.005","index":6,"matrix":[0.2496,0.9217,0.2969,0,-0.9667,0.2192,0.1322,0,0.0568,-0.3201,0.9457,0,0,0.1267,0,1],"rest":[0.2496,0.9217,0.2969,0,-0.9667,0.2192,0.1322,0,0.0568,-0.3201,0.9457,0,0,0.1267,0,1],"parentBoneIndex":2,"length":0.157},
{"name":"Bone.006","index":7,"matrix":[0.9993,-0.0382,-0.0003,0,0.0382,0.9991,-0.0193,0,0.0011,0.0193,0.9998,0,0,0.157,0,1],"rest":[0.9993,-0.0382,-0.0003,0,0.0382,0.9991,-0.0193,0,0.0011,0.0193,0.9998,0,0,0.157,0,1],"parentBoneIndex":6,"length":0.1823},
{"name":"Bone.007","index":8,"matrix":[0.9995,0.0305,0.0007,0,-0.0305,0.9995,-0.0101,0,-0.001,0.0101,0.9999,0,0,0.1823,0,1],"rest":[0.9995,0.0305,0.0007,0,-0.0305,0.9995,-0.0101,0,-0.001,0.0101,0.9999,0,0,0.1823,0,1],"parentBoneIndex":7,"length":0.1052},
{"name":"Bone.009","index":9,"matrix":[0.0598,-0.2893,0.9554,0,0.7766,-0.5878,-0.2266,0,0.6271,0.7555,0.1896,0,0,0.1052,0,1],"rest":[0.0598,-0.2893,0.9554,0,0.7766,-0.5878,-0.2266,0,0.6271,0.7555,0.1896,0,0,0.1052,0,1],"parentBoneIndex":8,"length":0.0962},
{"name":"Bone.012","index":10,"matrix":[0.97,0.2418,0.0256,0,-0.2427,0.957,0.1591,0,0.014,-0.1605,0.9869,0,0,0.0962,0,1],"rest":[0.97,0.2418,0.0256,0,-0.2427,0.957,0.1591,0,0.014,-0.1605,0.9869,0,0,0.0962,0,1],"parentBoneIndex":9,"length":0.0998},
{"name":"Bone.013","index":11,"matrix":[0.8724,-0.4824,0.079,0,0.4861,0.8732,-0.036,0,-0.0516,0.0698,0.9962,0,0,0.0998,0,1],"rest":[0.9995,-0.0308,-0.0063,0,0.022,0.829,-0.5588,0,0.0224,0.5584,0.8293,0,0,0.0998,0,1],"parentBoneIndex":10,"length":0.1768},
{"name":"Bone.014","index":12,"matrix":[0.1773,-0.1746,0.9685,0,0.7745,0.6319,-0.0278,0,-0.6072,0.7551,0.2473,0,0,0.1768,0,1],"rest":[0.8537,-0.5084,-0.113,0,0.5157,0.8555,0.0472,0,0.0727,-0.0986,0.9925,0,0,0.1768,0,1],"parentBoneIndex":11,"length":0.1549},
{"name":"Bone.015","index":13,"matrix":[0.8952,0.1067,0.4327,0,0.0663,0.9282,-0.3662,0,-0.4407,0.3566,0.8238,0,0,0.1549,0,1],"rest":[0.945,-0.1631,0.2834,0,0.1743,0.9846,-0.0146,0,-0.2766,0.0632,0.9589,0,0,0.1549,0,1],"parentBoneIndex":12,"length":0.1056},
{"name":"Bone.016","index":14,"matrix":[0.8971,-0.3271,-0.297,0,-0.1675,0.3704,-0.9137,0,0.4088,0.8694,0.2775,0,0,0.1056,0,1],"rest":[0.8773,0.4767,-0.0565,0,-0.4717,0.8343,-0.2854,0,-0.0889,0.277,0.9567,0,0,0.1056,0,1],"parentBoneIndex":13,"length":0.141},
{"name":"Bone.010","index":15,"matrix":[-0.3372,0.5948,0.7298,0,-0.8741,-0.4856,-0.0081,0,0.3496,-0.6407,0.6836,0,0,0.1052,0,1],"rest":[-0.3372,0.5948,0.7298,0,-0.8741,-0.4856,-0.0081,0,0.3496,-0.6407,0.6836,0,0,0.1052,0,1],"parentBoneIndex":8,"length":0.1371},
{"name":"Bone.011","index":16,"matrix":[0.8962,0.1275,0.4249,0,-0.0926,0.9905,-0.1019,0,-0.4339,0.0519,0.8995,0,0,0.1371,0,1],"rest":[0.9928,0.0024,0.1199,0,-0.0151,0.9943,0.1058,0,-0.1189,-0.1069,0.9871,0,0,0.1371,0,1],"parentBoneIndex":15,"length":0.0948},
{"name":"Bone.017","index":17,"matrix":[0.9643,0.2397,-0.1129,0,-0.1649,0.8764,0.4525,0,0.2074,-0.4177,0.8846,0,0,0.0948,0,1],"rest":[0.9715,0.232,0.0484,0,-0.232,0.8892,0.3944,0,0.0484,-0.3944,0.9177,0,0,0.0948,0,1],"parentBoneIndex":16,"length":0.158},
{"name":"Bone.018","index":18,"matrix":[0.9116,-0.1841,-0.3676,0,0.3722,0.7493,0.5477,0,0.1746,-0.6361,0.7516,0,0,0.158,0,1],"rest":[0.999,-0.0436,0.007,0,0.0439,0.9982,-0.0411,0,-0.0051,0.0414,0.9991,0,0,0.158,0,1],"parentBoneIndex":17,"length":0.1323},
{"name":"Bone.019","index":19,"matrix":[0.9996,0.0265,0.0045,0,-0.0265,0.9445,0.3275,0,0.0045,-0.3275,0.9448,0,0,0.1323,0,1],"rest":[0.9996,0.0265,0.0045,0,-0.0265,0.9445,0.3275,0,0.0045,-0.3275,0.9448,0,0,0.1323,0,1],"parentBoneIndex":18,"length":0.1612},
{"name":"Bone.020","index":20,"matrix":[0.5868,0.774,0.238,0,-0.7295,0.3778,0.5701,0,0.3513,-0.5082,0.7863,0,0,0.1612,0,1],"rest":[0.8648,0.5002,0.044,0,-0.5002,0.8505,0.1628,0,0.044,-0.1628,0.9857,0,0,0.1612,0,1],"parentBoneIndex":19,"length":0.0866},
{"name":"Bone.021","index":21,"matrix":[1,-0.0081,-0.0002,0,0.0081,0.9993,0.0374,0,-0.0002,-0.0374,0.9993,0,0,0.1052,0,1],"rest":[1,-0.0081,-0.0002,0,0.0081,0.9993,0.0374,0,-0.0002,-0.0374,0.9993,0,0,0.1052,0,1],"parentBoneIndex":8,"length":0.1001},
{"name":"Bone.022","index":22,"matrix":[0.9976,-0.0681,-0.0109,0,0.0681,0.9473,0.313,0,-0.0109,-0.313,0.9497,0,0,0.1001,0,1],"rest":[1,0,0,0,0,1,0,0,0,0,1,0,0,0.1001,0,1],"parentBoneIndex":21,"length":0.386},
{"name":"Bone.023","index":23,"matrix":[0.9972,0.0735,-0.0128,0,-0.0735,0.9382,-0.3381,0,-0.0128,0.3381,0.941,0,0,0.386,0,1],"rest":[1,0,0,0,0,1,0,0,0,0,1,0,0,0.386,0,1],"parentBoneIndex":22,"length":0.2161}]},{"name":"Armature.001","id":1,"dimensionsAtRest":[0.7905,1.4903,0.1869],"bones":[
{"name":"Bone","index":0,"matrix":[0.994,-0.1076,0.0204,0,0.1094,0.9655,-0.2362,0,-0.0058,-0.237,-0.9715,0,4.2505,0.0735,-0.049,1],"rest":[0.994,-0.1076,0.0204,0,0.1094,0.9655,-0.2362,0,-0.0058,-0.237,-0.9715,0,4.2505,0.0735,-0.049,1],"parentBoneIndex":-1,"length":0.1633},
{"name":"Bone.001","index":1,"matrix":[0.9291,-0.3415,0.1419,0,0.3661,0.7959,-0.4822,0,0.0518,0.5,0.8645,0,0,0.1633,0,1],"rest":[0.9291,-0.3415,0.1419,0,0.3661,0.7959,-0.4822,0,0.0518,0.5,0.8645,0,0,0.1633,0,1],"parentBoneIndex":0,"length":0.1859},
{"name":"Bone.002","index":2,"matrix":[0.6673,-0.7346,-0.123,0,0.7432,0.6674,0.0464,0,0.048,-0.1224,0.9913,0,0,0.1859,0,1],"rest":[0.6673,-0.7346,-0.123,0,0.7432,0.6674,0.0464,0,0.048,-0.1224,0.9913,0,0,0.1859,0,1],"parentBoneIndex":1,"length":0.1267},
{"name":"Bone.003","index":3,"matrix":[0.8838,-0.4597,-0.0869,0,0.4676,0.8739,0.1327,0,0.0149,-0.1579,0.9873,0,0,0.1267,0,1],"rest":[0.8838,-0.4597,-0.0869,0,0.4676,0.8739,0.1327,0,0.0149,-0.1579,0.9873,0,0,0.1267,0,1],"parentBoneIndex":2,"length":0.1193},
{"name":"Bone.004","index":4,"matrix":[0.7106,-0.6936,0.1183,0,0.5693,0.6656,0.4825,0,-0.4134,-0.2755,0.8679,0,0,0.1193,0,1],"rest":[0.7694,-0.6286,-0.113,0,0.6256,0.7061,0.3318,0,-0.1288,-0.326,0.9366,0,0,0.1193,0,1],"parentBoneIndex":3,"length":0.1925},
{"name":"Bone.008","index":5,"matrix":[0.8144,-0.5802,-0.0054,0,0.3489,0.4971,-0.7945,0,0.4636,0.6452,0.6073,0,0,0.1925,0,1],"rest":[0.8017,-0.5883,0.1057,0,0.5524,0.6617,-0.507,0,0.2283,0.4649,0.8554,0,0,0.1925,0,1],"parentBoneIndex":4,"length":0.1795},
{"name":"Bone.005","index":6,"matrix":[0.3288,0.9036,0.2745,0,-0.8492,0.1557,0.5045,0,0.4131,-0.399,0.8186,0,0,0.1267,0,1],"rest":[0.2496,0.9217,0.2969,0,-0.9667,0.2192,0.1322,0,0.0568,-0.3201,0.9457,0,0,0.1267,0,1],"parentBoneIndex":2,"length":0.157},
{"name":"Bone.006","index":7,"matrix":[0.9741,0.1101,0.1977,0,-0.1198,0.9921,0.0378,0,-0.192,-0.0605,0.9795,0,0,0.157,0,1],"rest":[0.9993,-0.0382,-0.0003,0,0.0382,0.9991,-0.0193,0,0.0011,0.0193,0.9998,0,0,0.157,0,1],"parentBoneIndex":6,"length":0.1823},
{"name":"Bone.007","index":8,"matrix":[0.9999,-0.0092,-0.0055,0,0.0075,0.9675,-0.2529,0,0.0077,0.2528,0.9675,0,0,0.1823,0,1],"rest":[0.9995,0.0305,0.0007,0,-0.0305,0.9995,-0.0101,0,-0.001,0.0101,0.9999,0,0,0.1823,0,1],"parentBoneIndex":7,"length":0.1052},
{"name":"Bone.009","index":9,"matrix":[0.0598,-0.2893,0.9554,0,0.7766,-0.5878,-0.2266,0,0.6271,0.7555,0.1896,0,0,0.1052,0,1],"rest":[0.0598,-0.2893,0.9554,0,0.7766,-0.5878,-0.2266,0,0.6271,0.7555,0.1896,0,0,0.1052,0,1],"parentBoneIndex":8,"length":0.0962},
{"name":"Bone.012","index":10,"matrix":[0.9457,0.219,-0.24,0,-0.212,0.9757,0.0549,0,0.2462,-0.001,0.9692,0,0,0.0962,0,1],"rest":[0.97,0.2418,0.0256,0,-0.2427,0.957,0.1591,0,0.014,-0.1605,0.9869,0,0,0.0962,0,1],"parentBoneIndex":9,"length":0.0998},
{"name":"Bone.013","index":11,"matrix":[0.7249,-0.6341,0.2692,0,0.6882,0.6495,-0.3232,0,0.0301,0.4195,0.9073,0,0,0.0998,0,1],"rest":[0.9995,-0.0308,-0.0063,0,0.022,0.829,-0.5588,0,0.0224,0.5584,0.8293,0,0,0.0998,0,1],"parentBoneIndex":10,"length":0.1768},
{"name":"Bone.014","index":12,"matrix":[-0.0897,-0.9493,0.3014,0,0.8451,0.0876,0.5275,0,-0.5271,0.302,0.7943,0,0,0.1768,0,1],"rest":[0.8537,-0.5084,-0.113,0,0.5157,0.8555,0.0472,0,0.0727,-0.0986,0.9925,0,0,0.1768,0,1],"parentBoneIndex":11,"length":0.1549},
{"name":"Bone.015","index":13,"matrix":[0.8952,0.1067,0.4327,0,0.0663,0.9282,-0.3662,0,-0.4407,0.3566,0.8238,0,0,0.1549,0,1],"rest":[0.945,-0.1631,0.2834,0,0.1743,0.9846,-0.0146,0,-0.2766,0.0632,0.9589,0,0,0.1549,0,1],"parentBoneIndex":12,"length":0.1056},
{"name":"Bone.016","index":14,"matrix":[0.8847,-0.3685,-0.2855,0,-0.1194,0.4131,-0.9028,0,0.4506,0.8328,0.3215,0,0,0.1056,0,1],"rest":[0.8773,0.4767,-0.0565,0,-0.4717,0.8343,-0.2854,0,-0.0889,0.277,0.9567,0,0,0.1056,0,1],"parentBoneIndex":13,"length":0.141},
{"name":"Bone.010","index":15,"matrix":[-0.3372,0.5948,0.7298,0,-0.8741,-0.4856,-0.0081,0,0.3496,-0.6407,0.6836,0,0,0.1052,0,1],"rest":[-0.3372,0.5948,0.7298,0,-0.8741,-0.4856,-0.0081,0,0.3496,-0.6407,0.6836,0,0,0.1052,0,1],"parentBoneIndex":8,"length":0.1371},
{"name":"Bone.011","index":16,"matrix":[0.9869,-0.0567,-0.1509,0,0.0929,0.965,0.2453,0,0.1317,-0.2562,0.9576,0,0,0.1371,0,1],"rest":[0.9928,0.0024,0.1199,0,-0.0151,0.9943,0.1058,0,-0.1189,-0.1069,0.9871,0,0,0.1371,0,1],"parentBoneIndex":15,"length":0.0948},
{"name":"Bone.017","index":17,"matrix":[0.8669,0.4107,0.2824,0,-0.492,0.7958,0.3531,0,-0.0797,-0.4451,0.8919,0,0,0.0948,0,1],"rest":[0.9715,0.232,0.0484,0,-0.232,0.8892,0.3944,0,0.0484,-0.3944,0.9177,0,0,0.0948,0,1],"parentBoneIndex":16,"length":0.158},
{"name":"Bone.018","index":18,"matrix":[0.9339,-0.3494,-0.076,0,0.3059,0.6707,0.6757,0,-0.1851,-0.6542,0.7333,0,0,0.158,0,1],"rest":[0.999,-0.0436,0.007,0,0.0439,0.9982,-0.0411,0,-0.0051,0.0414,0.9991,0,0,0.158,0,1],"parentBoneIndex":17,"length":0.1323},
{"name":"Bone.019","index":19,"matrix":[0.9148,0.1615,0.3702,0,-0.2835,0.9095,0.304,0,-0.2876,-0.3831,0.8778,0,0,0.1323,0,1],"rest":[0.9996,0.0265,0.0045,0,-0.0265,0.9445,0.3275,0,0.0045,-0.3275,0.9448,0,0,0.1323,0,1],"parentBoneIndex":18,"length":0.1612},
{"name":"Bone.020","index":20,"matrix":[0.5868,0.774,0.238,0,-0.7295,0.3778,0.5701,0,0.3513,-0.5082,0.7863,0,0,0.1612,0,1],"rest":[0.8648,0.5002,0.044,0,-0.5002,0.8505,0.1628,0,0.044,-0.1628,0.9857,0,0,0.1612,0,1],"parentBoneIndex":19,"length":0.0866},
{"name":"Bone.021","index":21,"matrix":[0.995,0.0825,-0.0567,0,-0.09,0.9852,-0.1457,0,0.0438,0.1501,0.9877,0,0,0.1052,0,1],"rest":[1,-0.0081,-0.0002,0,0.0081,0.9993,0.0374,0,-0.0002,-0.0374,0.9993,0,0,0.1052,0,1],"parentBoneIndex":8,"length":0.1001},
{"name":"Bone.022","index":22,"matrix":[0.9338,0.0767,-0.3495,0,-0.1326,0.9814,-0.1388,0,0.3324,0.1759,0.9266,0,0,0.1001,0,1],"rest":[1,0,0,0,0,1,0,0,0,0,1,0,0,0.1001,0,1],"parentBoneIndex":21,"length":0.386},
{"name":"Bone.023","index":23,"matrix":[0.9823,0.102,0.1571,0,-0.1043,0.9945,0.0066,0,-0.1555,-0.0229,0.9876,0,0,0.386,0,1],"rest":[1,0,0,0,0,1,0,0,0,0,1,0,0,0.386,0,1],"parentBoneIndex":22,"length":0.2161}]}],
"meshes":[{"name":"etage-1","id":"etage-1","billboardMode":0,"position":[0,0,3.3135],"rotation":[0,0,0],"scaling":[1,1,1],"isVisible":true,"freezeWorldMatrix":false,"isEnabled":true,"checkCollisions":false,"receiveShadows":false,"pickable":true,"tags":""
,"positions":[-1,0.0691,-0.875,-0.875,0.0691,-1,-0.875,0.0691,-0.875,0,0.0691,-1,-0.125,0.0691,-1,-1,0,-1,-1,0.0691,0,-1,0.0691,0.125,-1,0,1,1,0,1,-1,0,-1,-1,0,1,1,0.0691,0,1,0.0691,-0.125,1,0,-1,0,0.0691,1,0.125,0.0691,1
,1,0,1,0,0.0691,-0.875,0.125,0.0691,-1,0.125,0.0691,-0.875,0,0.0691,0.125,0.125,0.0691,0,0.125,0.0691,0.125,-0.5,0.2247,0.7264,-0.625,0.2974,0.7264,-0.625,0.2247,0.7264,-0.5,0.0691,0.125,-0.375,0.0691,0,-0.375,0.0691,0.125,-0.5,0.0691,0.625,-0.375,0.0691,0.5,-0.375,0.0691,0.625,-0.75,0.2974,0.7264
,-0.75,0.2247,0.7264,0.5,0.0691,0.125,0.625,0.0691,0,0.625,0.0691,0.125,0.5,0.0691,0.625,0.625,0.0691,0.5,0.625,0.0691,0.625,0,0.0691,0.625,0.125,0.0691,0.5,0.125,0.0691,0.625,0.5,0.0691,-0.875,0.625,0.0691,-1,0.625,0.0691,-0.875,0.5,0.0691,-0.375,0.625,0.0691,-0.5,0.625,0.0691,-0.375,0,0.0691,-0.375
,0.125,0.0691,-0.5,0.125,0.0691,-0.375,-0.5,0.0691,-0.875,-0.375,0.0691,-1,-0.375,0.0691,-0.875,-0.5,0.0691,-0.375,-0.375,0.0691,-0.5,-0.375,0.0691,-0.375,0.5,0.0691,1,0.625,0.147,1,0.625,0.0691,1,-0.75,0.0691,-0.375,-0.625,0.0691,-0.5,-0.625,0.0691,-0.375,-0.75,0.0691,-0.125,-0.625,0.0691,-0.25,-0.625,0.0691,-0.125
,-0.875,0.2247,-0.5,-1,0.2247,-0.5,-0.875,0.2247,-0.5,-0.25,0.0691,-0.375,-0.125,0.0691,-0.5,-0.125,0.0691,-0.375,-0.25,0.0691,-0.125,-0.125,0.0691,-0.25,-0.125,0.0691,-0.125,-0.5,0.0691,-0.125,-0.375,0.0691,-0.25,-0.375,0.0691,-0.125,-0.25,0.0691,-0.875,-0.125,0.0691,-1,-0.125,0.0691,-0.875,-0.25,0.0691,-0.625,-0.125,0.0691,-0.75
,-0.125,0.0691,-0.625,-0.5,0.0691,-0.625,-0.375,0.0691,-0.75,-0.375,0.0691,-0.625,0.25,0.0691,-0.375,0.375,0.0691,-0.5,0.375,0.0691,-0.375,0.25,0.0691,-0.125,0.375,0.0691,-0.25,0.375,0.0691,-0.125,0,0.0691,-0.125,0.125,0.0691,-0.25,0.125,0.0691,-0.125,0.75,0.0691,-0.375,0.875,0.0691,-0.5,0.875,0.0691,-0.375,0.75,0.0691,-0.125
,0.875,0.0691,-0.25,0.875,0.0691,-0.125,0.5,0.0691,-0.125,0.625,0.0691,-0.25,0.625,0.0691,-0.125,0.75,0.0691,-0.875,0.875,0.0691,-1,0.875,0.0691,-0.875,0.75,0.0691,-0.625,0.875,0.0691,-0.75,0.875,0.0691,-0.625,0.5,0.0691,-0.625,0.625,0.0691,-0.75,0.625,0.0691,-0.625,0.25,0.0691,0.625,0.375,0.0691,0.5,0.375,0.0691,0.625
,0.25,0.0691,0.875,0.375,0.0691,0.75,0.375,0.0691,0.875,0,0.0691,0.875,0.125,0.0691,0.75,0.125,0.0691,0.875,0.75,0.0691,0.625,0.875,0.0691,0.5,0.875,0.0691,0.625,0.75,0.0691,0.875,0.875,0.0691,0.75,0.875,0.0691,0.875,0.5,0.0691,0.875,0.625,0.0691,0.75,0.625,0.0691,0.875,0.75,0.0691,0.125,0.875,0.0691,0
,0.875,0.0691,0.125,0.75,0.0691,0.375,0.875,0.0691,0.25,0.875,0.0691,0.375,0.5,0.0691,0.375,0.625,0.0691,0.25,0.625,0.0691,0.375,-0.75,0.0691,0.625,-0.625,0.0691,0.5,-0.625,0.0691,0.625,-0.75,0.0691,0.875,-0.625,0.0691,0.75,-0.625,0.0691,0.875,-1,0.0691,0.5,-1,0.147,0.625,-1,0.0691,0.625,-0.25,0.0691,0.625
,-0.125,0.0691,0.5,-0.125,0.0691,0.625,-0.25,0.0691,0.875,-0.125,0.0691,0.75,-0.125,0.0691,0.875,-0.5,0.0691,0.875,-0.375,0.0691,0.75,-0.375,0.0691,0.875,-0.25,0.0691,0.125,-0.125,0.0691,0,-0.125,0.0691,0.125,-0.25,0.0691,0.375,-0.125,0.0691,0.25,-0.125,0.0691,0.375,-0.5,0.0691,0.375,-0.375,0.0691,0.25,-0.375,0.0691,0.375
,-0.75,0.0691,0.125,-0.625,0.0691,0,-0.625,0.0691,0.125,-0.75,0.0691,0.375,-0.625,0.0691,0.25,-0.625,0.0691,0.375,0.25,0.147,1,0.25,0.0691,1,0.25,0.0691,0.125,0.375,0.0691,0,0.375,0.0691,0.125,0.25,0.0691,0.375,0.375,0.0691,0.25,0.375,0.0691,0.375,0,0.0691,0.375,0.125,0.0691,0.25,0.125,0.0691,0.375
,0.25,0.0691,-0.875,0.375,0.0691,-1,0.375,0.0691,-0.875,0.25,0.0691,-0.625,0.375,0.0691,-0.75,0.375,0.0691,-0.625,0,0.0691,-0.625,0.125,0.0691,-0.75,0.125,0.0691,-0.625,-0.75,0.0691,-0.875,-0.625,0.0691,-1,-0.625,0.0691,-0.875,-0.75,0.0691,-0.625,-0.625,0.0691,-0.75,-0.625,0.0691,-0.625,-1,0.0691,-0.625,-0.875,0.0691,-0.75
,-0.875,0.0691,-0.625,-0.75,0.0691,-0.75,-0.875,0.0691,-0.5,-0.75,0.0691,-0.5,0.375,0.147,1,0.375,0.0691,1,-0.5,0.0691,-0.75,-0.5,0.0691,-0.5,-0.5,0.0691,-1,0.25,0.0691,-0.75,0.25,0.0691,-0.5,0,0.0691,-0.5,0.5,0.0691,-0.75,0.5,0.0691,-0.5,0.5,0.0691,-1,0.25,0.0691,0.25,0.25,0.0691,0.5
,0,0.0691,0.5,0.5,0.0691,0.25,0.5,0.0691,0.5,0.5,0.0691,0,-0.875,0.0691,0.375,-0.75,0.0691,0.25,-0.875,0.0691,0.5,-0.75,0.0691,0.5,-1,0.147,0.25,-1,0.0691,0.25,-0.5,0.0691,0.25,-0.5,0.0691,0.5,-0.5,0.0691,0,-0.25,0.0691,0.25,-0.25,0.0691,0.5,0,0.0691,0.25,0,0.0691,0
,-0.25,0.0691,0.75,-1,0.0691,0.875,-1,0.147,1,-1,0.0691,1,-0.125,0.0691,0.7264,-0.25,0.147,0.7264,-0.25,0.0691,0.7264,0,0.0691,0.75,-1,0.147,0.375,-1,0.0691,0.375,-1,0.147,-0.5,-0.875,0.147,-0.5,-1,0.147,-0.5,-0.875,0.0691,0.875,-0.75,0.0691,0.75,-0.7226,0.147,-0.5,-0.7226,0.2247,-0.5
,-0.7226,0.147,-0.5,0,0.0691,0.7264,-0.125,0.147,0.7264,-0.5,0.0691,0.75,-0.375,0.0691,0.7264,-0.5,0.147,0.7264,-0.5,0.0691,0.7264,-0.75,0.0691,0.875,-0.875,0.147,0.875,-0.875,0.0691,0.875,0.75,0.0691,0.25,0.75,0.0691,0.5,1,0.0691,0.25,1,0.0691,0.375,1,0.0691,0.5,1,0.0691,0,1,0.0691,0.125
,0.75,0.0691,0.75,0.625,0.0691,1,0.75,0.0691,1,-0.375,0.0691,1,-0.25,0.147,1,-0.25,0.0691,1,1,0.0691,0.75,1,0.0691,0.875,0.875,0.0691,1,1,0.0691,1,1,0.0691,0.625,0.25,0.0691,0.75,-0.7226,0.147,-1,-0.25,0.2247,-1,-0.7226,0.2247,-1,-0.125,0.147,1,-0.125,0.0691,1
,0.5,0.0691,0.75,-1,0.0691,-0.375,-1,0.147,-0.25,-1,0.0691,-0.25,-1,0.0691,1,-0.875,0.147,1,-0.875,0.0691,1,0.75,0.0691,-0.75,0.75,0.0691,-0.5,1,0.0691,-0.75,1,0.0691,-0.625,1,0.0691,-0.5,1,0.0691,-1,1,0.0691,-0.875,0.75,0.0691,-0.25,0.75,0.0691,0,1,0.0691,-0.25
,1,0.0691,-0.125,1,0.0691,-0.125,1,0.0691,0,1,0.0691,-0.375,0.25,0.0691,-0.25,0.25,0.0691,0,0.5,0.0691,-0.25,-0.25,0.0691,-0.75,-0.25,0.0691,-0.5,0,0.0691,-0.75,0,0.0691,-1,-0.25,0.0691,-0.25,-0.25,0.0691,0,0,0.0691,-0.25,-0.875,0.0691,-0.125,-0.75,0.0691,-0.25,-0.875,0.0691,0
,-0.75,0.0691,0,0.375,0.0691,0.7264,0.25,0.147,0.7264,0.25,0.0691,0.7264,-0.5,0.0691,-0.25,-0.875,0.0691,-0.375,-0.875,0.0691,-0.25,-0.375,0.147,0.7264,-0.25,0.0691,-1,0.75,0.0691,-1,-0.875,0.0691,0.625,-0.875,0.0691,0.75,-1,0.147,-0.125,-1,0.0691,-0.125,-0.875,0.0691,0.125,-0.875,0.0691,0.25,-0.625,0.0691,1
,-0.5,0.147,1,-0.5,0.0691,1,0.25,0.0691,-1,-0.75,0.0691,-1,-1,0.0691,-0.75,-0.7226,0.2247,-0.5,-0.875,0.2247,-0.5,-0.375,0.147,1,-0.25,0.2247,1,0.5,0.0691,0.7264,0.375,0.147,0.7264,-0.375,0.2247,1,-1,0.0691,-0.625,-1,0.147,-1,-1,0.147,-0.625,-1,0.147,-0.375,-1,0.2247,-0.25
,-1,0.147,-0.5,-0.875,0.147,-0.625,-0.875,0.147,-0.5,-0.625,0.0691,0.875,-0.75,0.0691,0.7264,-0.75,0.0691,0.875,-1,0.147,-0.5,-1,0.2247,-0.375,-1,0.2247,0.75,-1,0.147,0.75,0.125,0.0691,0.7264,0,0.147,0.7264,0,0.2247,0.875,0.125,0.2247,0.7264,0.125,0.2247,0.875,-0.5,0.0691,0.875,-0.625,0.0691,0.7264
,-0.625,0.0691,0.875,-0.625,0.147,1,-0.5,0.2247,1,0.125,0.147,0.7264,-1,0.147,0.5,-1,0.2247,0.625,0.5,0.147,1,0.625,0.147,0.875,0.625,0.147,1,0.25,0.2247,0.7264,0.25,0.2247,0.875,-0.375,0.4476,0.875,-0.25,0.4476,0.7264,-0.25,0.4476,0.875,-0.75,0.147,1,-0.625,0.2247,1,-0.875,0.147,-0.5
,0.5,0.2247,1,0.5,0.147,1,-0.375,0.2247,0.7264,-0.375,0.0691,0.875,-0.5,0.0691,0.7264,-0.5,0.0691,0.875,0.375,0.2247,1,-0.125,0.3706,0.875,-0.125,0.2974,0.7264,-0.125,0.2974,0.875,-0.75,0.0691,1,-0.125,0.2974,0.875,0,0.2974,0.7264,0,0.2974,0.875,-1,0.147,0,-1,0.0691,-0.5,0,0.147,1
,-0.25,0.0691,0.875,-0.375,0.0691,0.7264,-0.375,0.0691,0.875,0.375,0.0691,0.875,0.25,0.0691,0.7264,0.25,0.0691,0.875,0.125,0.2247,0.7264,0,0.2247,0.7264,0.5,0.0691,0.875,0.375,0.0691,0.7264,0.375,0.0691,0.875,-0.75,0.5271,0.875,-0.625,0.5271,0.7264,-0.625,0.5271,0.875,-0.125,0.2247,0.7264,0,0.2974,0.875,0,0.2247,0.7264
,0,0.2247,0.875,-0.5,0.5271,0.7264,-0.5,0.5271,0.875,-1,0.147,0.125,0.5,0.147,1,-1,0.0691,0.75,-1,0.147,0.875,0.125,0.147,1,-1,0.0691,-0.625,-1,0.147,-0.5,0.625,0.0691,1,0.625,0.147,0.875,0.625,0.0691,0.875,-0.25,0.2247,0.7264,-1,0.2974,0.875,-1,0.2247,0.875,0.5,0.147,0.7264
,0.375,0.2247,0.7264,-1,0.2247,-0.375,-0.875,0.2247,-0.5,-0.875,0.2247,-0.375,-0.875,0.2247,1,-0.75,0.2974,1,-0.75,0.2247,1,0.625,0.0691,0.875,0.5,0.0691,0.7264,0.5,0.0691,0.875,0,0.2247,1,0,0.2974,0.875,0,0.2247,0.875,0.25,0.2247,0.7264,0.625,0.0691,0.7264,0.5,0.147,0.875,0.625,0.147,0.7264
,-1,0.2247,1,-0.875,0.2974,1,-0.875,0.2247,-0.375,-1,0.2974,-0.375,-1,0.2247,-0.375,-0.625,0.147,0.7264,-0.625,0.0691,0.7264,-1,0.2247,0.125,-1,0.2974,0.25,-1,0.2247,0.25,-0.625,0.0691,0.7264,-0.75,0.147,0.7264,-0.75,0.0691,0.7264,-0.25,0.2974,1,0.125,0.2247,1,0.25,0.2247,1,0,0.2247,1
,0.375,0.2247,1,0.5,0.2247,0.875,0.5,0.2247,1,0.375,0.2247,0.875,0.375,0.2247,1,-1,0.2247,0,-1,0.2974,0.125,-1,0.2974,-0.25,-0.75,0.2247,0.875,-0.875,0.2974,0.875,-0.875,0.2247,0.875,-0.375,0.2974,1,-0.875,0.3706,0.875,-0.7226,0.2974,0.875,-0.875,0.2974,0.875,0.125,0.2247,1,-0.75,0.147,0.875
,0.25,0.2247,1,-0.875,0.5271,0.125,-0.7226,0.5271,0.25,-0.875,0.5271,0.25,-1,0.147,1,-0.875,0.5271,0,-0.7226,0.5271,0.125,-0.7226,0.0691,-0.625,-0.7226,0.147,-0.625,-0.7226,0.0691,-0.625,-1,0.2247,1,-0.75,0.2247,0.875,-0.75,0.2974,0.7264,-0.75,0.2974,0.875,-1,0.2247,-0.125,-0.875,0.0691,0.5,-0.7226,0.0691,0.375
,-0.875,0.0691,0.375,-0.875,0.147,0.875,-0.7226,0.0691,0.875,-0.875,0.0691,0.875,-0.375,0.5271,0.875,-0.375,0.4476,0.7264,-0.375,0.4476,0.875,-0.125,0.2247,1,0,0.2247,1,-1,0.2247,0.375,-0.875,0.5271,0.375,-0.7226,0.5271,0.5,-0.875,0.5271,0.5,-1,0.2247,0.5,0.5,0.147,1,0.5,0.2247,0.875,0.5,0.147,0.875
,-1,0.3706,-0.125,-1,0.2974,-0.125,-0.875,0.3706,-0.25,-0.7226,0.3706,-0.125,-0.875,0.3706,-0.125,-1,0.2974,0.75,-1,0.3706,0.875,-0.875,0.0691,0.375,-0.7226,0.0691,0.25,-0.875,0.0691,0.25,-0.875,0.2974,-0.25,-1,0.3706,-0.25,-1,0.2974,-0.25,0.5,0.2247,0.875,0.5,0.147,0.7264,0.5,0.147,0.875,-0.75,0.3706,1
,-0.7226,0.5271,0.375,-0.125,0.2974,1,0,0.2974,1,-1,0.3706,0.25,-0.125,0.2974,1,-0.25,0.3706,1,-0.75,0.4476,0.875,-0.75,0.5271,0.7264,-0.75,0.5271,0.875,0.125,0.0691,0.875,0,0.0691,0.7264,0,0.0691,0.875,-1,0.2974,0.625,-1,0.3706,0.75,-1,0.2974,-0.25,-0.875,0.2974,-0.375,-0.875,0.2974,-0.25
,-0.875,0.5271,0.625,-0.7226,0.5271,0.75,-0.875,0.5271,0.75,-1,0.2974,1,-0.875,0.3706,1,-0.75,0.147,0.875,-0.75,0.2247,0.7264,-0.75,0.2247,0.875,-0.7226,0.3706,-0.25,-0.875,0.3706,-0.25,-1,0.2974,1,-1,0.2247,1,-0.125,0.2974,1,0.25,0.0691,0.875,0.125,0.0691,0.7264,0.125,0.0691,0.875,-0.7226,0.5271,0.625
,-1,0.2974,0,-1,0.2974,0.375,0,0.2974,1,0,0.2247,1,0.375,0.2247,0.7264,-1,0.2974,0.5,-0.625,0.2974,1,-0.75,0.3706,0.875,-0.75,0.4476,0.7264,-0.875,0.2247,0.875,-0.7226,0.147,0.875,-0.875,0.147,0.875,-0.7226,0.2974,-0.25,-0.875,0.2974,-0.25,-0.5,0.2974,1,-0.875,0.5271,0.875,-0.7226,0.4476,0.875
,-0.875,0.4476,0.875,-0.875,0.3706,-0.125,-1,0.4476,-0.125,-1,0.3706,-0.125,-1,0.3706,0,-1,0.4476,0.125,-1,0.3706,0.125,-1,0.3706,-0.125,-1,0.4476,0,-0.875,0.2974,0.875,-0.7226,0.2247,0.875,-0.875,0.2247,0.875,-0.5,0.3706,1,-0.375,0.4476,1,-0.375,0.3706,1,-1,0.4476,1,-1,0.3706,1
,-1,0.3706,0.5,-1,0.4476,0.625,-1,0.3706,0.625,-0.25,0.3706,1,-0.125,0.3706,0.875,-0.125,0.3706,1,-0.875,0.0691,0,-0.7226,0.0691,-0.125,-0.875,0.0691,-0.125,-0.75,0.3706,0.7264,-0.625,0.4476,1,-0.625,0.3706,1,-0.875,0.0691,-0.125,-0.7226,0.0691,-0.25,-0.875,0.0691,-0.25,-0.25,0.3706,0.875,-0.125,0.3706,0.7264
,-0.125,0.3706,0.875,-1,0.4476,0.375,-1,0.3706,0.375,-0.25,0.3706,1,-0.25,0.4476,0.875,-0.25,0.3706,0.875,-0.875,0.3706,-0.125,-0.7226,0.4476,-0.125,-0.875,0.4476,-0.125,-0.125,0.3706,1,-0.125,0.2974,1,-0.75,0.2974,0.875,-0.875,0.3706,0.875,-0.875,0.2247,-0.5,-0.7226,0.2247,-0.375,-1,0.2974,1,-0.875,0.0691,-0.25
,-0.7226,0.0691,-0.375,-0.875,0.0691,-0.375,-0.25,0.4476,0.875,-0.25,0.3706,0.7264,-0.25,0.3706,0.875,-0.875,0.2247,-0.375,-0.7226,0.2974,-0.375,-0.875,0.2974,-0.375,0.5,0.2247,0.7264,-0.875,0.4476,-0.125,-0.7226,0.4476,0,-0.875,0.4476,0,-0.5,0.4476,1,-0.375,0.5271,1,0.625,0.147,0.875,0.625,0.0691,0.7264,0.625,0.0691,0.875
,-1,0.5271,0.75,-1,0.4476,0.75,-0.875,0.0691,0.875,-0.7226,0.0691,0.75,-0.875,0.0691,0.75,-1,0.4476,0.5,-1,0.5271,0.625,-0.375,0.4476,1,-0.25,0.4476,1,-0.125,0.0691,0.875,-0.25,0.0691,0.7264,-0.25,0.0691,0.875,-0.5,0.5271,1,-0.875,0.0691,-0.375,-0.7226,0.0691,-0.5,-0.875,0.0691,-0.5,-0.375,0.4476,1
,-0.375,0.4476,0.875,-0.75,0.4476,1,-0.625,0.5271,1,-1,0.4476,0,-0.875,0.4476,-0.125,-1,0.5271,0.5,-1,0.4476,0.25,-1,0.5271,0.375,-0.75,0.0691,0.875,-0.75,0.147,0.7264,-0.75,0.147,0.875,-1,0.3706,1,-0.875,0.4476,1,-0.7226,0.3706,0.875,-0.375,0.5271,0.7264,-0.375,0.5271,0.875,-0.875,0.4476,0
,-0.7226,0.5271,0,-0.875,0.5271,0,-0.25,0.4476,1,-0.875,0.0691,0.75,-0.7226,0.0691,0.625,-0.875,0.0691,0.625,-0.875,0.0691,-0.5,-0.7226,0.0691,-0.625,-0.875,0.0691,-0.625,-0.7226,0.5271,0.875,-0.875,0.5271,0.875,-1,0.4476,0.875,-0.75,0.3706,0.875,-0.875,0.4476,0.875,-0.875,0.3706,0.875,-1,0.5271,0.125,-1,0.5271,0.625
,-1,0.5271,0.875,-0.875,0.5271,0.875,-1,0.5271,0.375,-1,0.5271,0.5,-0.5,0.5271,1,-0.375,0.5271,0.875,-0.375,0.5271,1,-0.875,0.5271,1,-0.75,0.5271,1,-1,0.5271,1,-0.875,0.5271,0.875,-0.625,0.5271,1,-0.5,0.5271,1,-0.625,0.5271,1,-1,0.5271,0.75,-1,0.5271,0.25,0,0.0691,0.875
,-0.125,0.0691,0.7264,-0.125,0.0691,0.875,-1,0.5271,0.125,-0.875,0.0691,0.625,-0.7226,0.0691,0.5,-0.875,0.0691,0.5,-1,0.5271,0.25,-1,0.4476,1,-0.875,0.5271,1,-0.75,0.5271,1,-0.875,0.0691,0.25,-0.7226,0.0691,0.125,-0.875,0.0691,0.125,-0.7226,0.147,-0.625,-0.875,0.147,-0.625,-1,0.5271,1,-0.875,0.4476,0
,-1,0.5271,0,-1,0.4476,0,-0.75,0.4476,0.875,-0.875,0.5271,0.875,-0.875,0.4476,0.875,-1,0.5271,0.875,-0.7226,0.147,-0.5,-0.875,0.0691,0.125,-0.7226,0.0691,0,-0.875,0.0691,0,-0.7226,0.0691,0.25,-0.7226,0.147,0.125,-0.7226,0.0691,0.125,-0.7226,0.0691,0.125,-0.7226,0.147,0,-0.7226,0.0691,0,-0.7226,0.0691,-0.5
,-0.7226,0.147,-0.625,-0.7226,0.0691,-0.625,-0.7226,0.0691,0,-0.7226,0.147,-0.125,-0.7226,0.0691,-0.125,-0.7226,0.0691,-0.125,-0.7226,0.147,-0.25,-0.7226,0.0691,-0.25,-0.7226,0.0691,0.875,-0.7226,0.147,0.75,-0.7226,0.0691,0.75,-0.7226,0.0691,0.75,-0.7226,0.147,0.625,-0.7226,0.0691,0.625,-0.7226,0.147,0.875,-0.7226,0.2247,0.75,-0.7226,0.147,0.25
,-0.7226,0.2247,0.125,-0.7226,0.2247,0,-0.7226,0.2247,0.625,-0.7226,0.0691,-0.375,-0.7226,0.147,-0.5,-0.7226,0.0691,-0.5,-0.7226,0.0691,-0.25,-0.7226,0.147,-0.375,-0.7226,0.0691,-0.375,-0.7226,0.0691,0.375,-0.7226,0.0691,0.25,-0.7226,0.0691,0.5,-0.7226,0.147,0.375,-0.7226,0.0691,0.375,-0.7226,0.0691,0.625,-0.7226,0.147,0.5,-0.7226,0.0691,0.5
,-0.7226,0.2974,0.625,-0.7226,0.2974,0.5,-0.7226,0.2247,0.5,-0.7226,0.2974,0.375,-0.7226,0.2247,0.375,-0.7226,0.2974,0.25,-0.7226,0.2247,0.25,-0.7226,0.2247,-0.25,-0.7226,0.2974,-0.375,-0.7226,0.2247,-0.375,-0.7226,0.2247,-0.125,-0.7226,0.2247,-0.5,-0.7226,0.147,-0.5,-0.7226,0.2247,-0.375,-0.7226,0.2974,0.875,-0.7226,0.3706,0.75,-0.7226,0.2974,0.75
,-0.7226,0.3706,0.625,-0.7226,0.3706,0.5,-0.7226,0.2974,0,-0.7226,0.3706,-0.125,-0.7226,0.2974,-0.125,-0.7226,0.2974,0.125,-0.7226,0.2974,-0.25,-0.7226,0.2247,0.875,-0.7226,0.3706,0,-0.7226,0.4476,-0.125,-0.7226,0.3706,-0.125,-0.7226,0.4476,0.375,-0.7226,0.3706,0.375,-0.7226,0.4476,0.25,-0.7226,0.3706,0.25,-0.7226,0.3706,0.125,-0.7226,0.3706,-0.25
,-0.7226,0.2974,-0.25,-0.7226,0.5271,0.125,-0.7226,0.4476,0.125,-0.7226,0.5271,0,-0.7226,0.4476,0,-0.7226,0.4476,0.5,-0.7226,0.4476,0.625,-0.7226,0.4476,0,-0.7226,0.3706,0.875,-0.7226,0.4476,0.75,-0.7226,0.4476,0.875,-0.7226,0.5271,0.75,-0.7226,0.5271,0.25,-0.7226,0.5271,0.5,-0.7226,0.5271,0.375,-0.7226,0.5271,0.625,-0.125,0.2974,0.7264
,-0.25,0.3706,0.7264,-0.25,0.2974,0.7264,-0.375,0.2974,0.7264,-0.5,0.3706,0.7264,-0.5,0.2974,0.7264,-0.375,0.3706,0.7264,-0.125,0.2974,0.7264,-0.625,0.3706,0.7264,-0.75,0.4476,0.7264,-0.75,0.3706,0.7264,-0.625,0.4476,0.7264,-0.75,0.3706,0.7264,-0.75,0.5271,0.7264,-0.75,0.4476,0.7264,-0.5,0.4476,0.7264,-0.625,0.5271,0.7264,-0.25,0.3706,0.7264
,-0.375,0.4476,0.7264,-0.375,0.4476,0.7264,-0.5,0.5271,0.7264,-0.7226,0.2247,-0.5,-0.875,0.0691,-0.625,-0.875,0.0691,-0.625,-0.875,0.147,-0.625,-1,0.147,-0.625,-1,0.0691,-0.625,-1,0.0691,-0.625,-1,0.147,-0.625,-1,0.0691,-0.625,-1,0.147,-0.625,-1,0.2247,-0.5,-1,0.147,-0.5,-1,0.2247,-0.5,-0.7226,0.147,-0.5
,-1,0.147,-0.5,-1,0.2247,-0.625,-1,0.2247,-0.5,-0.875,0.2247,-0.5,-0.7226,0.2247,-0.625,-0.7226,0.2247,-0.5,-0.875,0.147,-0.5,-1,0.147,-0.5,-1,0.2247,-0.5,-1,0.147,-0.5,-1,0.2247,-0.5,-1,0.2247,-0.5,-0.875,0.0691,-0.625,-1,0.0691,-1,-1,0.0691,-0.625,-0.875,0.2247,-0.625,-0.7226,0.2247,-1
,-0.7226,0.2247,-0.5,-0.7226,0.147,-0.625,-0.7226,0.147,-0.5,-1,0.2247,-0.5,-0.875,0.2247,-0.5,-0.875,0.147,-0.5,-1,0.147,-0.625,-1,0.147,-0.5,-0.7226,0.147,-0.5,-0.875,0.147,-0.625,-0.875,0.147,-0.5,-0.875,0.0691,-1,-0.7226,0.147,-1,-0.875,0.147,-1,-1,0.147,-1,-1,0.0691,-1,-0.875,0.147,-1
,-0.875,0.2247,-1,-1,0.2247,-1,-1,0.147,-1,-0.7226,0.147,-0.625,-0.875,0.147,-1,-1,0.147,-0.625,-1,0.2247,-1,-0.7226,0.0691,-0.625,-0.875,0.0691,-1,-0.875,0.0691,-0.625,-0.7226,0.0691,-1,-0.25,0.147,-1,-1,0.147,-1,-0.875,0.147,-0.625,-0.7226,0.147,-1,-0.7226,0.147,-0.625,-1,0.2247,-0.625
,-0.875,0.2247,-1,-1,0.147,-0.625,-0.875,0.147,-1,-0.875,0.147,-0.625,-0.25,0.147,-0.625,-0.125,0.0691,-0.625,-0.25,0.0691,-0.625,-0.25,0.2247,-0.625,-0.25,0.147,-1,-0.25,0.147,-0.625,-0.7226,0.0691,-0.625,-0.25,0.0691,-1,-0.7226,0.0691,-1,-0.7226,0.2247,-1,-0.25,0.2247,-0.625,-0.7226,0.147,-0.625,-0.7226,0.0691,-0.625
,-0.7226,0.2247,-0.625,-0.25,0.147,-0.625,-0.7226,0.147,-0.625,-0.7226,0.147,-0.625,-0.25,0.147,-1,-0.7226,0.147,-1,-0.7226,0.147,-1,-0.25,0.147,-0.625,-0.7226,0.147,-0.625,-0.125,0.147,-0.625,-0.125,0.0691,-1,-0.125,0.0691,-0.625,-0.25,0.147,-1,-0.125,0.147,-0.625,-0.25,0.147,-0.625,-0.25,0.0691,-1,-0.125,0.147,-1
,-0.25,0.0691,-0.625,-0.125,0.0691,-1,0.2734,0.4956,-0.7297,0.6019,0.507,-0.7449,0.2582,0.507,-0.7449,0.0559,0.0691,-0.7886,0.1218,0.0691,-0.8236,0.1218,0.0691,-0.7886,0.3193,0.2628,-0.6839,0.0559,0.3952,-0.6839,0.0559,0.2628,-0.6839,0.6629,0.2628,-0.6839,0.3193,0.3952,-0.6839,0.1887,0.528,-0.8167,0.2053,0.5267,-0.7978,0.1864,0.528,-0.8167,0.1698,0.5267,-0.7978
,0.2239,0.5227,-0.7793,0.2053,0.5267,-0.7978,0.1336,0.516,-0.7615,0.2239,0.5227,-0.7793,0.1513,0.5227,-0.7793,0.1169,0.507,-0.7449,0.2416,0.516,-0.7615,0.1336,0.516,-0.7615,0.1169,0.507,-0.7449,0.0884,0.4822,-0.7163,0.2734,0.4956,-0.7297,0.1018,0.4956,-0.7297,0.077,0.467,-0.7049,0.2868,0.4822,-0.7163,0.0884,0.4822,-0.7163,0.0679,0.4504,-0.6959,0.2982,0.467,-0.7049
,0.077,0.467,-0.7049,0.0613,0.4327,-0.6892,0.3073,0.4504,-0.6959,0.0679,0.4504,-0.6959,0.0613,0.4327,-0.6892,0.3179,0.4141,-0.6852,0.3139,0.4327,-0.6892,0.0559,0.3952,-0.6839,0.3179,0.4141,-0.6852,0.0573,0.4141,-0.6852,0.5324,0.528,-0.8167,0.1887,0.528,-0.8236,0.1887,0.528,-0.8167,0.3139,0.4327,-0.6892,0.6509,0.4504,-0.6959,0.2582,0.507,-0.7449,0.5853,0.516,-0.7615
,0.3073,0.4504,-0.6959,0.6418,0.467,-0.7049,0.2416,0.516,-0.7615,0.5675,0.5227,-0.7793,0.2239,0.5227,-0.7793,0.2534,0.0691,-0.6839,0.3193,0.0691,-0.6839,0.6629,0.2628,-0.8236,0.6629,0.3952,-0.6839,0.6629,0.2628,-0.6839,0.5301,0.528,-0.8167,0.549,0.5267,-0.8236,0.5301,0.528,-0.8236,0.549,0.5267,-0.7978,0.5675,0.5227,-0.8236,0.549,0.5267,-0.8236,0.5675,0.5227,-0.7793
,0.5853,0.516,-0.8236,0.5675,0.5227,-0.8236,0.5853,0.516,-0.7615,0.6019,0.507,-0.8236,0.5853,0.516,-0.8236,0.6019,0.507,-0.7449,0.6171,0.4956,-0.8236,0.6019,0.507,-0.8236,0.6171,0.4956,-0.7297,0.6305,0.4822,-0.8236,0.6171,0.4956,-0.8236,0.6305,0.4822,-0.7163,0.6418,0.467,-0.8236,0.6305,0.4822,-0.8236,0.6418,0.467,-0.7049,0.6509,0.4504,-0.8236,0.6418,0.467,-0.8236
,0.6509,0.4504,-0.6959,0.6575,0.4327,-0.8236,0.6509,0.4504,-0.8236,0.6575,0.4327,-0.6892,0.6616,0.4141,-0.8236,0.6575,0.4327,-0.8236,0.6616,0.4141,-0.6852,0.6629,0.3952,-0.8236,0.6616,0.4141,-0.8236,0.6629,0.0691,-0.8236,0.6629,0.0903,-0.8236,0.6629,0.0691,-0.7886,0.1864,0.528,-0.8167,0.5324,0.528,-0.8167,0.1887,0.528,-0.8167,0.2053,0.5267,-0.7978,0.5301,0.528,-0.8167
,0.1864,0.528,-0.8167,0.6575,0.4327,-0.6892,0.4052,0.0691,-0.6839,0.4911,0.0691,-0.6839,0.2868,0.4822,-0.7163,0.6171,0.4956,-0.7297,0.2734,0.4956,-0.7297,0.549,0.5267,-0.7978,0.2053,0.5267,-0.7978,0.3193,0.3952,-0.6839,0.6616,0.4141,-0.6852,0.3179,0.4141,-0.6852,0.2982,0.467,-0.7049,0.6305,0.4822,-0.7163,0.2289,0.6836,0.3516,0.2266,0.6836,0.8236,0.2266,0.6836,0.3516
,0.0961,0.4183,0.2188,0.3594,0.5508,0.2188,0.3594,0.4183,0.2188,0.0961,0.2247,0.2188,0.0961,0.4183,0.8236,0.0961,0.4183,0.2188,0.2266,0.6836,0.3516,0.21,0.6822,0.3327,0.2289,0.6836,0.3516,0.2455,0.6822,0.3327,0.1915,0.6782,0.3142,0.21,0.6822,0.3327,0.2818,0.6716,0.2965,0.1915,0.6782,0.3142,0.264,0.6782,0.3142,0.2984,0.6625,0.2798,0.1737,0.6716,0.2965
,0.2818,0.6716,0.2965,0.3136,0.6511,0.2647,0.1571,0.6625,0.2798,0.2984,0.6625,0.2798,0.327,0.6377,0.2513,0.1419,0.6511,0.2647,0.3136,0.6511,0.2647,0.3383,0.6226,0.2399,0.1285,0.6377,0.2513,0.327,0.6377,0.2513,0.3474,0.6059,0.2308,0.1172,0.6226,0.2399,0.3383,0.6226,0.2399,0.354,0.5882,0.2242,0.1081,0.6059,0.2308,0.3474,0.6059,0.2308,0.3581,0.5697,0.2202
,0.1015,0.5882,0.2242,0.354,0.5882,0.2242,0.3594,0.5508,0.2188,0.0974,0.5697,0.2202,0.3581,0.5697,0.2202,0.2289,0.6836,0.3516,0.21,0.6822,0.8236,0.2289,0.6836,0.8236,0.21,0.6822,0.3327,0.1915,0.6782,0.8236,0.21,0.6822,0.8236,0.1915,0.6782,0.3142,0.1737,0.6716,0.8236,0.1915,0.6782,0.8236,0.1737,0.6716,0.2965,0.1571,0.6625,0.8236,0.1737,0.6716,0.8236
,0.1571,0.6625,0.2798,0.1419,0.6511,0.8236,0.1571,0.6625,0.8236,0.1419,0.6511,0.2647,0.1285,0.6377,0.8236,0.1419,0.6511,0.8236,0.1285,0.6377,0.2513,0.1172,0.6226,0.8236,0.1285,0.6377,0.8236,0.1172,0.6226,0.2399,0.1081,0.6059,0.8236,0.1172,0.6226,0.8236,0.1081,0.6059,0.2308,0.1015,0.5882,0.8236,0.1081,0.6059,0.8236,0.1015,0.5882,0.2242,0.0974,0.5697,0.8236
,0.1015,0.5882,0.8236,0.0974,0.5697,0.2202,0.0961,0.5508,0.8236,0.0974,0.5697,0.8236,0.0961,0.4741,0.8236,0.0961,0.5508,0.8236,0.0961,0.5508,0.2188,0.3594,0.2247,0.2188,0.0861,0.0691,-0.2744,0.8236,0.0691,-0.011,0.0861,0.0691,-0.011,0.0861,0.2628,-0.011,0.0861,0.3952,-0.2744,0.0861,0.2628,-0.2744,0.8236,0.2628,-0.011,0.0861,0.3952,-0.011,0.0861,0.2628,-0.011
,0.2189,0.528,-0.1415,0.2,0.5267,-0.1249,0.2189,0.528,-0.1438,0.2,0.5267,-0.1604,0.1815,0.5227,-0.1064,0.2,0.5267,-0.1249,0.1638,0.516,-0.1967,0.1815,0.5227,-0.1064,0.1815,0.5227,-0.179,0.1471,0.507,-0.2133,0.1638,0.516,-0.0887,0.1638,0.516,-0.1967,0.132,0.4956,-0.2285,0.1471,0.507,-0.072,0.1471,0.507,-0.2133,0.1186,0.4822,-0.2419,0.132,0.4956,-0.0569
,0.132,0.4956,-0.2285,0.1072,0.467,-0.2533,0.1186,0.4822,-0.0435,0.1186,0.4822,-0.2419,0.1072,0.467,-0.2533,0.0981,0.4504,-0.023,0.1072,0.467,-0.0321,0.0915,0.4327,-0.269,0.0981,0.4504,-0.023,0.0981,0.4504,-0.2624,0.0915,0.4327,-0.269,0.0875,0.4141,-0.0124,0.0915,0.4327,-0.0164,0.0861,0.3952,-0.2744,0.0875,0.4141,-0.0124,0.0875,0.4141,-0.273,0.2189,0.528,-0.1438
,0.8236,0.5267,-0.1249,0.8236,0.528,-0.1438,0.2,0.5267,-0.1249,0.8236,0.5227,-0.1064,0.8236,0.5267,-0.1249,0.1815,0.5227,-0.1064,0.8236,0.516,-0.0887,0.8236,0.5227,-0.1064,0.1638,0.516,-0.0887,0.8236,0.507,-0.072,0.8236,0.516,-0.0887,0.1471,0.507,-0.072,0.8236,0.4956,-0.0569,0.8236,0.507,-0.072,0.132,0.4956,-0.0569,0.8236,0.4822,-0.0435,0.8236,0.4956,-0.0569
,0.1186,0.4822,-0.0435,0.8236,0.467,-0.0321,0.8236,0.4822,-0.0435,0.1072,0.467,-0.0321,0.8236,0.4504,-0.023,0.8236,0.467,-0.0321,0.0981,0.4504,-0.023,0.8236,0.4327,-0.0164,0.8236,0.4504,-0.023,0.0915,0.4327,-0.0164,0.8236,0.4141,-0.0124,0.8236,0.4327,-0.0164,0.0875,0.4141,-0.0124,0.8236,0.3952,-0.011,0.8236,0.4141,-0.0124,0.0861,0.0691,-0.011,0.0861,0.2628,-0.011
,0.0861,0.0691,-0.2744,-0.5716,0.6738,-0.8236,-0.5794,0.6738,0.6213,-0.5716,0.6738,0.6213,-0.4665,0.266,-0.8236,-0.4665,0.5688,-0.8236,-0.4665,0.5688,0.7264,-0.6845,0.2247,-0.8236,-0.4665,0.2247,0.7264,-0.6845,0.2247,0.7264,-0.4665,0.2247,0.7264,-0.6845,0.5688,0.7264,-0.6845,0.2247,0.7264,-0.5911,0.6732,0.6331,-0.5716,0.6738,0.6213,-0.5794,0.6738,0.6213,-0.6027,0.6712,0.6447
,-0.5598,0.6732,0.6331,-0.5911,0.6732,0.6331,-0.6141,0.6679,0.656,-0.5482,0.6712,0.6447,-0.6027,0.6712,0.6447,-0.625,0.6634,0.6669,-0.5369,0.6679,0.656,-0.6141,0.6679,0.656,-0.6353,0.6577,0.6772,-0.526,0.6634,0.6669,-0.625,0.6634,0.6669,-0.6449,0.6509,0.6868,-0.5157,0.6577,0.6772,-0.6353,0.6577,0.6772,-0.6537,0.6431,0.6956,-0.506,0.6509,0.6868,-0.6449,0.6509,0.6868
,-0.6615,0.6343,0.7035,-0.4973,0.6431,0.6956,-0.6537,0.6431,0.6956,-0.6683,0.6247,0.7103,-0.4894,0.6343,0.7035,-0.6615,0.6343,0.7035,-0.674,0.6143,0.716,-0.4826,0.6247,0.7103,-0.6683,0.6247,0.7103,-0.6786,0.6035,0.7205,-0.4769,0.6143,0.716,-0.674,0.6143,0.716,-0.6818,0.5921,0.7237,-0.4724,0.6035,0.7205,-0.6786,0.6035,0.7205,-0.6818,0.5921,0.7237,-0.4671,0.5805,0.7257
,-0.4691,0.5921,0.7237,-0.6845,0.5688,0.7264,-0.4671,0.5805,0.7257,-0.6838,0.5805,0.7257,-0.5716,0.6738,0.6213,-0.5598,0.6732,-0.8236,-0.5716,0.6738,-0.8236,-0.5598,0.6732,0.6331,-0.5482,0.6712,-0.8236,-0.5598,0.6732,-0.8236,-0.5482,0.6712,0.6447,-0.5369,0.6679,-0.8236,-0.5482,0.6712,-0.8236,-0.5369,0.6679,0.656,-0.526,0.6634,-0.8236,-0.5369,0.6679,-0.8236,-0.526,0.6634,0.6669
,-0.5157,0.6577,-0.8236,-0.526,0.6634,-0.8236,-0.5157,0.6577,0.6772,-0.506,0.6509,-0.8236,-0.5157,0.6577,-0.8236,-0.506,0.6509,0.6868,-0.4973,0.6431,-0.8236,-0.506,0.6509,-0.8236,-0.4973,0.6431,0.6956,-0.4894,0.6343,-0.8236,-0.4973,0.6431,-0.8236,-0.4894,0.6343,0.7035,-0.4826,0.6247,-0.8236,-0.4894,0.6343,-0.8236,-0.4826,0.6247,0.7103,-0.4769,0.6143,-0.8236,-0.4826,0.6247,-0.8236
,-0.4769,0.6143,0.716,-0.4724,0.6035,-0.8236,-0.4769,0.6143,-0.8236,-0.4724,0.6035,0.7205,-0.4691,0.5921,-0.8236,-0.4724,0.6035,-0.8236,-0.4691,0.5921,0.7237,-0.4671,0.5805,-0.8236,-0.4691,0.5921,-0.8236,-0.4671,0.5805,0.7257,-0.4665,0.5688,-0.8236,-0.4671,0.5805,-0.8236,-0.8236,0.9909,-0.8236,-0.8236,0.0653,0.8236,-0.8236,0.0653,-0.8236,-0.8236,0.0653,0.8236,0.0961,0.2247,0.8236
,0.8236,0.0653,0.8236,0.8236,0.0653,0.8236,0.8236,0.0691,-0.011,0.8236,0.0653,-0.8236,0.0559,0.0691,-0.8236,-0.4665,0.2247,-0.8236,-0.8236,0.0653,-0.8236,0.8236,0.0653,0.8236,-0.8236,0.0653,-0.8236,-0.8236,0.0653,0.8236,-0.7429,0.9909,-0.7429,-0.7429,0.8902,0.7429,-0.7429,0.9909,0.7429,-0.625,0.6634,-0.8236,-0.6141,0.6679,0.656,-0.6141,0.6679,-0.8236,-0.6537,0.6431,-0.8236
,-0.6449,0.6509,0.6868,-0.6449,0.6509,-0.8236,-0.6449,0.6509,-0.8236,-0.6353,0.6577,0.6772,-0.6353,0.6577,-0.8236,-0.6027,0.6712,-0.8236,-0.5911,0.6732,0.6331,-0.5911,0.6732,-0.8236,-0.6141,0.6679,-0.8236,-0.6027,0.6712,0.6447,-0.6027,0.6712,-0.8236,-0.6818,0.5921,-0.8236,-0.6786,0.6035,0.7205,-0.6786,0.6035,-0.8236,-0.6786,0.6035,-0.8236,-0.674,0.6143,0.716,-0.674,0.6143,-0.8236
,-0.4665,0.5688,-0.8236,-0.4665,0.266,-0.8236,0.0559,0.3952,-0.8236,-0.6845,0.5688,-0.8236,-0.6838,0.5805,0.7257,-0.6838,0.5805,-0.8236,-0.6845,0.2247,-0.8236,-0.6845,0.5688,0.7264,-0.6845,0.5688,-0.8236,-0.6615,0.6343,-0.8236,-0.6537,0.6431,0.6956,-0.6537,0.6431,-0.8236,-0.6683,0.6247,-0.8236,-0.6615,0.6343,0.7035,-0.6615,0.6343,-0.8236,-0.5911,0.6732,-0.8236,-0.5794,0.6738,0.6213
,-0.5794,0.6738,-0.8236,-0.6353,0.6577,-0.8236,-0.625,0.6634,0.6669,-0.625,0.6634,-0.8236,-0.6838,0.5805,-0.8236,-0.6818,0.5921,0.7237,-0.6818,0.5921,-0.8236,-0.674,0.6143,-0.8236,-0.6683,0.6247,0.7103,-0.6683,0.6247,-0.8236,-0.7429,0.9909,-0.7429,-0.8236,0.9909,0.8236,-0.8236,0.9909,-0.8236,-0.7429,0.9909,0.7429,0.8236,0.9909,0.8236,0.7429,0.9909,0.7429,0.8236,0.9909,-0.8236
,0.7429,0.9909,-0.7429,-0.8236,0.9909,-0.8236,-0.7429,0.8902,0.7429,0.7429,0.8902,-0.7429,0.7429,0.8902,0.7429,0.7429,0.9909,-0.7429,-0.7429,0.8902,-0.7429,-0.7429,0.9909,-0.7429,-0.7429,0.9909,0.7429,0.7429,0.8902,0.7429,0.7429,0.9909,0.7429,0.7429,0.9909,0.7429,0.7429,0.8902,-0.7429,0.7429,0.9909,-0.7429,0.8236,0.4327,-0.269,0.0981,0.4504,-0.2624,0.8236,0.4504,-0.2624
